CHUNK DATA { int 2, 0, 0, 0, 0, 0, 0, 0, 0, 1
int 0, 0, 0, 0, 0, 0, 0, 0, 0, 0
int 0, 0, 0, 0, 0, 2, 2, -1, 1, 0
int 450, 1900, 0, 0, 100, 0, 0, 0, 0, 0
int 0, 0, 0 }
CHUNK DATA { int 9, 0, 0, 0, 0, 0, 0, 0, 7, 16500
int 0, 5, 15, 10, 0, 2, 1, 12, 72, 2
int 1, 0, 1, 2, 5, 3, 3, -1, 1, 3
int 0, 0, 0, 0, 100, 0, 1, 3, 0, 0
int 0, 1, 0 }
CHUNK DATA { int 2, 0, 0, 0, 0, 0, 0, 100, 4, 3000
int 0, 0, 0, 0, 0, 0, 0, 0, 0, 0
int 2, 0, 2, 0, 0, 2, 2, 0, 30, 0
int 300, 0, 0, 1, 80, 0, 0, 0, 0, 0
int 0, 0, 0 }
CHUNK DATA { int 2, 0, 0, 0, 0, 2, 0, 150, 4, 3600
int 0, 0, 0, 0, 0, 0, 0, 0, 0, 0
int 2, 0, 2, 0, 0, 2, 2, 0, 40, 0
int 400, 0, 0, 1, 80, 0, 1, 3, 0, 0
int 0, 0, 0 }
CHUNK DATA { int 2, 17, 0, 0, 0, 3, 0, 300, 4, 5400
int 0, 0, 0, 0, 0, 0, 0, 0, 0, 0
int 2, 0, 2, 0, 0, 2, 4, 0, 80, 0
int 450, 10, 0, 2, 80, 0, 0, 0, 0, 0
int 0, 0, 0 }
CHUNK DATA { int 2, 17, 0, 0, 0, 4, 0, 300, 4, 6000
int 0, 0, 0, 0, 0, 0, 0, 0, 0, 0
int 2, 0, 2, 0, 0, 4, 3, 0, 80, 0
int 650, 20, 0, 2, 80, 3, 1, 1, 0, 0
int 0, 0, 0 }
CHUNK DATA { int 2, 17, 0, 0, 0, 6, 0, 800, 4, 7200
int 0, 0, 0, 0, 0, 0, 0, 0, 0, 0
int 2, 0, 2, 0, 0, 3, 4, 0, 160, 0
int 700, 30, 0, 2, 80, 0, 2, 3, 0, 0
int 0, 0, 0 }
CHUNK DATA { int 2, 17, 0, 0, 0, 8, 0, 1000, 4, 9600
int 0, 0, 0, 0, 0, 0, 0, 0, 0, 0
int 2, 0, 2, 0, 0, 4, 4, 0, 160, 0
int 850, 60, 0, 4, 80, 1, 3, 2, 0, 0
int 0, 0, 0 }
CHUNK DATA { int 2, 18, 0, 0, 0, 10, 0, 1500, 4, 11700
int 0, 0, 0, 0, 0, 0, 0, 0, 0, 0
int 2, 0, 2, 0, 0, 2, 2, -1, 160, 0
int 900, 75, 0, 4, 80, 0, 0, 0, 0, 0
int 0, 0, 0 }
CHUNK DATA { int 2, 18, 0, 0, 0, 11, 0, 1800, 4, 16800
int 0, 0, 0, 0, 0, 0, 0, 1, 0, 0
int 2, 0, 2, 0, 0, 2, 2, -1, 160, 0
int 950, 95, 0, 4, 80, 0, 0, 0, 0, 0
int 0, 0, 0 }
CHUNK DATA { int 2, 0, 0, 0, 0, 0, 0, 100, 4, 7500
int 0, 0, 0, 0, 0, 0, 0, 1, 0, 0
int 3, 0, 3, 0, 0, 3, 3, 0, 40, 0
int 350, 0, 0, 3, 80, 0, 0, 0, 0, 0
int 0, 0, 0 }
CHUNK DATA { int 2, 0, 0, 0, 0, 2, 0, 200, 4, 8100
int 0, 0, 0, 0, 0, 0, 0, 0, 0, 0
int 3, 0, 3, 0, 0, 4, 3, 0, 100, 0
int 450, 20, 0, 3, 80, 2, 0, 0, 0, 0
int 0, 0, 0 }
CHUNK DATA { int 2, 17, 0, 0, 0, 4, 0, 400, 4, 10200
int 0, 0, 0, 0, 0, 0, 0, 0, 0, 0
int 3, 0, 3, 0, 0, 4, 3, 0, 100, 0
int 670, 30, 0, 3, 80, 0, 0, 0, 0, 0
int 0, 0, 0 }
CHUNK DATA { int 2, 17, 0, 0, 0, 6, 0, 600, 4, 11400
int 0, 0, 0, 0, 0, 0, 0, 0, 0, 0
int 3, 0, 3, 0, 0, 5, 4, 0, 200, 0
int 700, 45, 0, 3, 80, 0, 0, 0, 0, 0
int 0, 0, 0 }
CHUNK DATA { int 2, 18, 0, 0, 0, 8, 0, 700, 4, 13500
int 0, 0, 0, 0, 0, 0, 0, 1, 0, 0
int 3, 0, 3, 0, 0, 3, 3, 0, 200, 0
int 850, 70, 0, 6, 80, 0, 0, 0, 0, 0
int 0, 0, 0 }
CHUNK DATA { int 2, 18, 0, 0, 0, 10, 0, 800, 4, 15000
int 0, 0, 0, 0, 0, 0, 0, 1, 0, 0
int 3, 0, 3, 0, 0, 2, 2, -1, 200, 0
int 900, 80, 0, 6, 80, 0, 0, 0, 0, 0
int 0, 0, 0 }
CHUNK DATA { int 1, 0, 0, 0, 0, 1, 15, 0, 6, 9000
int 0, 5, 24, 9, 0, 3, 0, 6, 24, 1
int 4, 0, 4, 20, 1, 2, 2, 1, 60, 1
int 400, 450, 0, 5, 35, 1, 0, 0, 0, 0
int 0, 17, 2, 18, 15, 20, 90, 0, 0
int 0, 19, 45, 25, 135, 0, 0, 0 }
CHUNK DATA { int 1, 18, 0, 0, 0, 11, 25, 0, 7, 12000
int 0, 5, 15, 18, 2, 7, 1, 8, 24, 1
int 4, 0, 4, 20, 1, 2, 2, -1, 90, 1
int 450, 550, 0, 10, 22, 0, 0, 0, 0, 0
int 0, 1, 2, 18, 10, 15, 60, 0, 0
int 0, 19, 25, 20, 90, 0, 0, 0 }
CHUNK DATA { int 3, 9, 0, 0, 0, 4, 18, 0, 7, 13500
int 0, 3, 21, 6, 0, 2, 1, 5, 24, 2
int 5, 0, 5, 19, 1, 3, 3, 1, 80, 3
int 300, 450, 0, 6, 25, 0, 0, 0, 0, 0
int 0, 0, 0 }
CHUNK DATA { int 4, 21, 0, 0, 0, 8, 6, 0, 4, 6600
int 0, 0, 0, 0, 0, 0, 0, 2, 0, 0
int 6, 0, 6, 0, 0, 3, 3, 5, 120, 1
int 400, 50, 0, 2, 75, 1, 2, 2, 0, 0
int 0, 0, 0 }
CHUNK DATA { int 11, 0, 0, 0, 0, 0, 4, 0, 4, 6750
int 0, 0, 0, 0, 0, 0, 0, 0, 0, 0
int 7, 0, 7, 0, 0, 2, 2, 3, 45, 0
int 450, 0, 0, 1, 90, 1, 0, 0, 0, 0
int 0, 0, 384, 5, 96 }
CHUNK DATA { int 5, 9, 17, 20, 0, 5, 8, 0, 6, 6000
int 0, 4, 80, 50, 6, 2, 1, 10, 36, 0
int 0, 0, 0, 21, 3, 1, 1, 1, 240, 3
int 200, 550, 0, 4, 50, 0, 0, 0, 0, 0
int 0, 0, 0 }
CHUNK DATA { int 5, 9, 12, 18, 20, 8, 24, 0, 8, 13500
int 0, 8, 120, 250, 18, 4, 1, 15, 72, 0
int 0, 0, 0, 22, 4, 2, 1, 2, 480, 3
int 150, 1100, 0, 18, 30, 0, 0, 0, 0, 0
int 0, 0, 0 }
CHUNK DATA { int 5, 9, 13, 19, 20, 11, 64, 0, 10, 22500
int 0, 11, 480, 840, 36, 6, 1, 25, 120, 0
int 0, 0, 0, 23, 5, 2, 2, 2, 840, 3
int 650, 1600, 0, 40, 10, 0, 0, 0, 0, 0
int 0, 0, 0 }
CHUNK DATA { int 1, 14, 15, 19, 0, 7, 96, 0, 4, 11700
int 0, 0, 0, 0, 0, 0, 0, 3, 0, 0
int 20, 0, 8, 0, 0, 4, 4, 2, 240, 0
int 300, 1300, 0, 46, 1, 0, 0, 3, 0, 0
int 0, 17, 5, 5, 95, 0, 1650, 8, 0
int 0, 8, 55, 90, 795, 0, 0, 0, 9, 80
int 0, 1215, 12, 0, 0, 11, 70, 110, 1080, 0
int 0, 0, 12, 120, 0, 1150, 20, 0, 0 }
CHUNK DATA { int 1, 14, 17, 0, 0, 5, 18, 0, 4, 10100
int 0, 0, 0, 0, 0, 0, 0, 1, 0, 0
int 20, 0, 8, 0, 0, 3, 3, 1, 85, 0
int 400, 750, 0, 8, 5, 2, 2, 2, 0, 0
int 0, 17, 5, 3, 25, 10, 120, 0, 0
int 0, 4, 45, 35, 240, 0, 0, 0, 6, 55
int 50, 975, 0, 0, 0, 7, 40, 80, 570, 0
int 0, 0, 10, 55, 90, 865, 0, 0, 0 }
CHUNK DATA { int 1, 15, 18, 0, 0, 8, 72, 0, 4, 11600
int 0, 0, 0, 0, 0, 0, 0, 2, 0, 0
int 20, 0, 8, 0, 0, 3, 3, 1, 140, 0
int 350, 900, 0, 16, 2, 2, 2, 2, 0, 0
int 0, 17, 6, 4, 35, 30, 205, 0, 0
int 0, 5, 105, 0, 1800, 10, 0, 0, 6, 45
int 45, 250, 0, 0, 0, 8, 60, 100, 885, 0
int 0, 0, 9, 90, 0, 1350, 15, 0, 0, 11
int 80, 120, 1200, 0, 0, 0 }
CHUNK DATA { int 11, 0, 0, 0, 0, 0, 6, 0, 4, 6200
int 0, 0, 0, 0, 0, 0, 0, 0, 0, 0
int 0, 0, 9, 0, 0, 3, 2, 3, 45, 3
int 450, 0, 0, 3, 65, 1, 1, 2, 0, 0
int 0, 17, 20, 0, 12 }
CHUNK DATA { int 10, 0, 0, 0, 0, 2, 2, 0, 4, 4500
int 0, 0, 0, 0, 0, 0, 0, 0, 0, 0
int 0, 0, 10, 0, 0, 3, 3, 3, 60, 1
int 250, 50, 0, 1, 70, 2, 1, 1, 0, 0
int 0, 17, 3, 14, 6 }
CHUNK DATA { int 0, 0, 0, 0, 0, 2, 16, 0, 4, 7500
int 0, 0, 0, 0, 0, 0, 0, 1, 0, 0
int 21, 0, 11, 0, 0, 3, 2, 4, 80, 1
int 250, 150, 0, 4, 55, 0, 0, 0, 0, 0
int 0, 17, 1, 0, 0, 0, 0, 0, 0, 12
int 0, 0, 0, 0, 0, 0, 0, 0, 0, 0
int 9, 0, 0 }
CHUNK DATA { int 10, 0, 0, 0, 0, 1, 8, 0, 4, 6600
int 0, 0, 0, 0, 0, 0, 0, 2, 0, 0
int 0, 0, 13, 0, 0, 1, 2, 3, 35, 1
int 500, 10, 0, 2, 75, 0, 1, 2, 0, 0
int 0, 17, 5, 30, 8 }
CHUNK DATA { int 10, 0, 0, 0, 0, 1, 8, 0, 4, 6600
int 0, 0, 0, 0, 0, 0, 0, 2, 0, 0
int 0, 0, 12, 0, 0, 4, 3, 3, 40, 1
int 550, 50, 0, 2, 75, 0, 1, 3, 0, 0
int 0, 17, 3, 15, 9 }
CHUNK DATA { int 10, 49, 0, 0, 0, 9, 16, 0, 4, 3300
int 0, 0, 0, 0, 0, 0, 0, 2, 0, 0
int 0, 0, 13, 0, 0, 1, 2, 3, 50, 1
int 650, 150, 0, 2, 75, 0, 1, 2, 0, 0
int 0, 17, 36, 6, 2 }
CHUNK DATA { int 6, 0, 0, 0, 0, 2, 8, 0, 4, 8450
int 0, 0, 0, 0, 0, 0, 0, 0, 0, 0
int 0, 0, 14, 0, 0, 3, 4, 4, 50, 0
int 450, 100, 0, 0, 100, 1, 0, 0, 0, 0
int 0, 17, 30, 8, 5 }
CHUNK DATA { int 6, 17, 25, 0, 0, 6, 16, 0, 4, 7400
int 0, 0, 0, 0, 0, 0, 0, 1, 0, 0
int 0, 0, 14, 0, 0, 2, 3, 4, 80, 0
int 550, 200, 0, 0, 100, 0, 2, 3, 0, 0
int 0, 17, 60, 6, 5 }
CHUNK DATA { int 6, 18, 26, 0, 0, 10, 32, 0, 4, 6300
int 0, 0, 0, 0, 0, 0, 0, 2, 0, 0
int 0, 0, 0, 0, 0, 3, 3, 4, 120, 0
int 700, 600, 0, 0, 100, 1, 2, 2, 0, 0
int 0, 16, 120, -1, 0 }
CHUNK DATA { int 7, 0, 0, 0, 0, 3, 15, 0, 4, 8700
int 0, 0, 0, 0, 0, 0, 0, 0, 0, 0
int 15, 0, 15, 0, 0, 4, 3, 5, 150, 0
int 300, 900, 0, 4, 72, 2, 2, 2, 0, 0
int 0, 0, 10 }
CHUNK DATA { int 8, 12, 14, 15, 17, 6, 20, 0, 4, 8400
int 0, 0, 0, 0, 0, 0, 0, 2, 0, 0
int 0, 0, 16, 0, 0, 2, 2, 5, 75, 3
int 500, 1000, 0, 38, 7, 0, 0, 3, 0, 0
int 0, 17, 13, 0, 22, 0, 640, 0, 0
int 0, 1, 11, 0, 340, 0, 0, 0, 2, 13
int 0, 415, 0, 0, 0, 3, 21, 0, 450, 0
int 0, 0, 4, 19, 0, 415, 0, 0, 0, 5
int 50, 0, 490, 0, 0, 0, 6, 20, 0, 415
int 0, 0, 0, 7, 18, 0, 525, 0, 0, 0
int 8, 20, 0, 640, 0, 0, 0, 9, 23, 0
int 750, 5, 0, 0, 10, 22, 0, 565, 0, 0
int 0, 11, 25, 0, 715, 0, 0, 0, 12, 30
int 0, 865, 3, 0, 0 }
CHUNK DATA { int 9, 6, 0, 0, 0, 4, 60, 0, 6, 10500
int 0, 4, 6, 7, 13, 0, 0, 3, 24, 2
int 17, 0, 17, 24, 2, 2, 3, 5, 95, 1
int 140, 80, 0, 16, 25, 1, 0, 1, 0, 1
int 3, 71, 0 }
CHUNK DATA { int 12, 17, 0, 0, 0, 4, 38, 0, 4, 13500
int 0, 0, 0, 0, 0, 0, 0, 0, 0, 0
int 22, 0, 8, 0, 0, 3, 2, 1, 110, 0
int 250, 60, 0, 12, 5, 2, 1, 1, 0, 1
int 3, 103, 3, 13, 70, 45, 540, 0, 0
int 0, 14, 90, 90, 600, 0, 0, 0, 17, 55
int 45, 300, 0, 0, 0 }
CHUNK DATA { int 12, 19, 0, 0, 0, 7, 82, 0, 4, 19500
int 0, 0, 0, 0, 0, 0, 0, 0, 0, 0
int 22, 0, 8, 0, 0, 3, 4, 2, 260, 0
int 550, 120, 0, 30, 1, 2, 3, 2, 0, 0
int 3, 71, 4, 14, 80, 80, 480, 0, 0
int 0, 15, 150, 0, 1950, 20, 0, 0, 16, 285
int 0, 3750, 40, 0, 0, 17, 50, 40, 240, 10
int 0, 0 }
CHUNK DATA { int 0, 0, 0, 0, 0, 1, 12, 0, 4, 6500
int 0, 0, 0, 0, 0, 0, 0, 0, 0, 0
int 20, 0, 18, 0, 0, 3, 2, 4, 65, 0
int 600, 80, 0, 14, 18, 0, 1, 3, 0, 0
int 0, 17, 10, 0, 0, 0, 0, 0, 0, 0
int 0, 210, 180, 0, 160, 0, 0, 0, 0, 0
int 0, 0, 0 }
CHUNK DATA { int 9, 0, 0, 0, 0, 10, 2, 0, 4, 1350
int 0, 0, 0, 0, 0, 0, 0, 0, 0, 0
int 19, 0, 19, 0, 0, 2, 2, 5, 30, 3
int 80, 0, 0, 2, 92, 0, 0, 3, 0, 0
int 0, 1, 0 }
CHUNK DATA { int 1, 0, 0, 0, 0, 4, 18, 0, 4, 10800
int 0, 0, 0, 0, 0, 0, 0, 0, 0, 0
int 20, 0, 8, 0, 0, 2, 2, 4, 70, 0
int 140, 20, 0, 8, 25, 1, 0, 0, 0, 0
int 0, 17, 3, 0, 50, 85, 825, 0, 0
int 0, 2, 35, 55, 525, 0, 0, 0, 3, 35
int 15, 180, 0, 0, 0 }
