CHUNK DATA {int 0, 0, 0, 0, 0, 35, 0, 4, 120, 0
int  0, 0, 0, 0, 0, 1, 1, 0, 0, 1
int  1, 1, 0, 0, 0, 0, 7, 2, 0, 4545
int 0 }
CHUNK DATA {int 0, 0, 0, 0, 0, 1, 480, 4, 60, 0
int  0, 0, 0, 0, 0, 0, 0, 0, 0, 2
int  2, 2, 0, 0, 0, 0, 9, 1, 0, 4552
int 0 }
CHUNK DATA {int 0, 0, 0, 0, 0, 1, 2100, 4, 100, 0
int  0, 0, 0, 0, 0, 0, 0, 0, 0, 2
int  2, 2, 0, 0, 0, 0, 9, 1, 0, 4552
int 0 }
CHUNK DATA {int 0, 0, 0, 0, 3, 2, 0, 8, 40, 0
int  0, 0, 0, 0, 0, 0, 0, 0, 0, 3
int  3, 3, 0, 0, 0, 0, 12, 3, 8, 1984
int 0 }
CHUNK DATA {int 0, 0, 0, 0, 4, 2, 0, 9, 70, 0
int  5, 5, 1, 0, 2, 0, 4, 30, 2, 2
int  2, 2, 1, 1, 0, 0, 10, 1, 0, 8384
int 0 }
CHUNK DATA {int 12, 14, 0, 0, 5, 3, 0, 4, 80, 0
int  4, 0, 1500, 0, 4, 0, 1, 960, 4, 2
int  2, 2, 2, 5, 0, 0, 8, 2, 0, 8384
int 0 }
CHUNK DATA {int 12, 14, 0, 0, 8, 2, 0, 5, 520, 0
int  4, 4, 2, 0, 1, 1, 4, 48, 5, 2
int  2, 2, 3, 1, 0, 5, 9, 1, 0, 8644
int 0 }
CHUNK DATA {int 14, 16, 0, 0, 5, 3, 0, 7, 480, 0
int  5, 5, 44, 7, 0, 1, 2, 44, 1, 4
int  4, 4, 4, 2, 0, 0, 10, 3, 8, 192
int 0 }
CHUNK DATA {int 12, 14, 16, 0, 5, 4, 0, 6, 720, 0
int  7, 0, 180, 18, 0, 1, 8, 80, 2, 4
int  4, 4, 5, 3, 0, 0, 8, 2, 0, 448
int 0 }
CHUNK DATA {int 13, 14, 16, 0, 9, 6, 0, 5, 1200, 0
int  8, 0, 500, 112, 0, 1, 14, 101, 3, 4
int  4, 4, 6, 3, 0, 0, 6, 2, 0, 192
int 0 }
CHUNK DATA {int 9, 15, 0, 0, 5, 4, 0, 5, 190, 0
int  7, 0, 76, 14, 2, 0, 1, 48, 3, 4
int  4, 4, 7, 2, 48, 0, 6, 2, 0, 192
int 0 }
CHUNK DATA {int 9, 12, 15, 0, 9, 6, 0, 4, 255, 0
int  9, 8, 64, 10, 3, 0, 2, 32, 5, 4
int  4, 4, 8, 3, 96, 0, 5, 3, 8, 192
int 0 }
CHUNK DATA {int 5, 9, 13, 15, 11, 9, 0, 4, 300, 4
int  13, 0, 640, 240, 4, 0, 4, 144, 6, 4
int  4, 4, 9, 4, 144, 0, 4, 2, 0, 192
int 0 }
CHUNK DATA {int 7, 8, 0, 0, 6, 12, 15000, 4, 640, 0
int  0, 0, 0, 0, 0, 2, 2, 0, 0, 5
int  5, 5, 0, 0, 0, 20, 7, 4, 1, 4174
int 0 }
CHUNK DATA {int 7, 0, 0, 0, 7, 5, 0, 7, 720, 0
int  5, 6, 4, 20, 0, 2, 6, 60, 2, 5
int  5, 5, 10, 1, 0, 0, 10, 4, 1, 8258
int 0 }
CHUNK DATA {int 7, 9, 14, 0, 8, 20, 0, 9, 1360, 0
int  13, 20, 150, 120, 1, 2, 9, 180, 3, 5
int  5, 5, 16, 2, 0, 0, 8, 4, 2, 66
int 0 }
CHUNK DATA {int 7, 11, 14, 15, 11, 96, 0, 10, 2400, 0
int  15, 0, 640, 500, 2, 2, 16, 210, 4, 5
int  5, 5, 17, 3, 0, 0, 6, 4, 4, 66
int 0 }
CHUNK DATA {int 7, 10, 14, 0, 10, 4, 0, 4, 640, 0
int  3, 8, 1, 2, 0, 2, 5, 64, 4, 5
int  5, 5, 18, 1, 0, 10, 7, 4, 0, 10310
int 0 }
CHUNK DATA {int 0, 0, 0, 0, 0, 1, 0, 4, 60, 0
int  4, 4, 5, 0, 2, 0, 1, 36, 2, 6
int  6, 6, 14, 1, 0, 0, 2, 0, 4, 9392
int 0 }
CHUNK DATA {int 17, 0, 0, 0, 2, 1, 0, 5, 75, 0
int  5, 5, 10, 0, 3, 0, 2, 42, 1, 6
int  6, 6, 15, 1, 0, 0, 2, 0, 6, 9392
int 0 }
CHUNK DATA {int 6, 0, 0, 0, 2, 1, 0, 5, 75, 0
int  5, 8, 12, 1, 3, 0, 2, 24, 1, 6
int  6, 6, 15, 1, 0, 0, 2, 0, 12, 9392
int 0 }
